	time	hip_flexion_l	hip_flexion_r	ankle_angle_l	ankle_angle_r
0	9.17	-13.065667107500001	-14.564628455	-0.55150281	0.06661927749999998
1	9.16	-13.146763400000001	-14.6915699925	-0.5736809825	-0.00022082250000000914
2	9.15	-13.1852641075	-14.74941164	-0.5913645424999999	-0.037250662500000004
3	9.14	-13.19195595	-14.756710442500001	-0.605082405	-0.05220098500000002
4	9.13	-13.17954898	-14.73453975	-0.6155720849999999	-0.053722969999999995
5	9.12	-13.159749615	-14.70130921	-0.6236678025	-0.04924885750000001
6	9.11	-13.141477235	-14.670028480000001	-0.6301941375	-0.04392038499999998
7	9.1	-13.1300100775	-14.6477156	-0.6358874975	-0.040404025000000024
8	9.09	-13.1269700225	-14.6362664	-0.64136333	-0.039326447499999986
9	9.08	-13.131157945000002	-14.63396436	-0.6471229949999999	-0.04002952749999997
10	9.07	-13.1397307125	-14.6371613575	-0.6535429724999999	-0.04136490499999998
11	9.06	-13.14923885	-14.641905484999999	-0.6608062050000001	-0.0423222825
12	9.05	-13.1565725375	-14.6451365525	-0.6688123975	-0.04237252999999999
13	9.04	-13.1597930675	-14.6451955875	-0.6771452325	-0.041505312500000016
14	9.03	-13.158505327500002	-14.641717412499998	-0.685139145	-0.04004721499999998
15	9.02	-13.1535615075	-14.63514499	-0.6920150625	-0.038406560000000006
16	9.01	-13.14639956	-14.626304377499999	-0.6970228175	-0.036874140000000014
17	9.0	-13.1386757425	-14.616354124999999	-0.6995560475	-0.0355352525
18	8.99	-13.1322832675	-14.6068667225	-0.6992323675000001	-0.034281692500000016
19	8.98	-13.1291205825	-14.5995571275	-0.6959339274999999	-0.032884075000000026
20	8.97	-13.130369850000001	-14.595626395	-0.6898080449999999	-0.03108731249999999
21	8.959999999999999	-13.13590898	-14.5952610125	-0.6812395225000001	-0.02871058749999998
22	8.95	-13.1445030625	-14.597719115	-0.6708120275	-0.02573136250000002
23	8.94	-13.15451998	-14.6018113025	-0.6592648675	-0.022323457500000005
24	8.93	-13.164471215	-14.606290755	-0.6474416875	-0.01883204999999999
25	8.92	-13.173185275000002	-14.610021680000003	-0.63621745	-0.01568823000000001
26	8.91	-13.17984569	-14.612157255	-0.6263820975000001	-0.01328640249999996
27	8.9	-13.184052985	-14.6123700175	-0.6184958275000001	-0.011867184999999988
28	8.89	-13.1858980725	-14.61097418	-0.6127877525000001	-0.011452287500000005
29	8.88	-13.185987570000002	-14.608773167499999	-0.6091639974999999	-0.011859837499999998
30	8.87	-13.185285282499999	-14.606618135	-0.6073110025	-0.012792294999999981
31	8.86	-13.1847608425	-14.605013935	-0.60682315	-0.013950997499999993
32	8.85	-13.185068614999999	-14.604057704999999	-0.607294515	-0.015111934999999993
33	8.84	-13.186402740000002	-14.60360871	-0.6083537075	-0.016121542500000016
34	8.83	-13.1885588775	-14.6034629825	-0.6096649949999999	-0.016828844999999995
35	8.82	-13.1912040825	-14.6034732875	-0.6109462050000001	-0.01700863250000001
36	8.81	-13.194204345000001	-14.603681625	-0.6120223149999999	-0.016329927500000008
37	8.8	-13.19773271	-14.604402432499999	-0.612865325	-0.014403769999999982
38	8.79	-13.202125905	-14.606120332500002	-0.6135681725	-0.010906084999999982
39	8.78	-13.2076597975	-14.6092482325	-0.614265405	-0.005725012500000015
40	8.77	-13.2143299825	-14.613915849999998	-0.6150520724999999	0.0009347574999999664
41	8.76	-13.22175498	-14.619916225	-0.615947025	0.008543197499999988
42	8.75	-13.2293336175	-14.62680685	-0.6169116125	0.016352932500000028
43	8.74	-13.23660038	-14.634076335	-0.6178840750000001	0.023599327500000045
44	8.73	-13.2435251725	-14.6413213525	-0.618783145	0.029718072499999998
45	8.72	-13.2504733775	-14.648383490000002	-0.61948596	0.034489037500000014
46	8.709999999999999	-13.2578630575	-14.6553441275	-0.6198214049999999	0.038056229999999996
47	8.7	-13.2658580275	-14.662394187499999	-0.619605505	0.04083138499999997
48	8.69	-13.274277662500001	-14.66969962	-0.6187102275	0.0433245525
49	8.68	-13.2827002225	-14.677258077500001	-0.6171286475	0.04596441500000001
50	8.67	-13.2906792125	-14.684823824999999	-0.61498965	0.048972892500000004
51	8.66	-13.2979640025	-14.692060819999998	-0.6125095125	0.05232888249999998
52	8.65	-13.304617700000001	-14.698768915	-0.6099169575	0.0558090775
53	8.64	-13.310923275	-14.70491541	-0.60740154	0.059069757499999986
54	8.629999999999999	-13.3171026175	-14.71052042	-0.60510778	0.06173753499999998
55	8.62	-13.3231070025	-14.7155874925	-0.6031597275	0.06349173250000001
56	8.61	-13.3286671175	-14.720123127499999	-0.6016867499999999	0.06413581499999998
57	8.6	-13.333518897500001	-14.7241876375	-0.6008312975	0.06364523999999999
58	8.59	-13.337558035	-14.72786868	-0.6007246775	0.062158032500000016
59	8.58	-13.340746554999999	-14.731161455	-0.6014284074999999	0.05988593249999999
60	8.57	-13.3429654475	-14.7338860375	-0.60287696	0.05697745000000001
61	8.56	-13.34404408	-14.7356731575	-0.6048663325	0.05341013000000003
62	8.55	-13.34383103	-14.7359926375	-0.607091925	0.04897749500000001
63	8.54	-13.342159275	-14.734266199999999	-0.60921749	0.04338303750000003
64	8.53	-13.338845945000001	-14.730078760000001	-0.6109537675000001	0.036406092500000015
65	8.52	-13.333872947500002	-14.7233942025	-0.61212076	0.028078729999999996
66	8.51	-13.327646617500001	-14.7146982525	-0.61267532	0.018805505
67	8.5	-13.321101155	-14.705062830000001	-0.6126948225	0.009377655000000013
68	8.49	-13.315454655	-14.696021812500002	-0.6123186949999999	0.0008664925000000101
69	8.48	-13.3116851275	-14.689161025	-0.61167279	-0.005586669999999988
70	8.47	-13.310126095	-14.685592225	-0.61081894	-0.009036547499999964
71	8.46	-13.3105036575	-14.68564241	-0.6097681975	-0.00898479999999996
72	8.45	-13.312236737500001	-14.688904695	-0.60856517	-0.005540732500000006
73	8.44	-13.314672665	-14.694464525	-0.6073952250000001	0.0005622024999999975
74	8.43	-13.317252585	-14.701112582499999	-0.6066212325	0.008109267500000017
75	8.42	-13.3195289825	-14.707541437500002	-0.6066883325	0.01567377249999996
76	8.41	-13.3208448175	-14.71251114	-0.6079429375	0.021945029999999976
77	8.4	-13.320098795	-14.714958947500001	-0.6104866725	0.02602451750000001
78	8.39	-13.316232739999998	-14.714171495	-0.6141421650000001	0.027593857499999985
79	8.379999999999999	-13.309127032500001	-14.710109195000001	-0.6185120325	0.02689957500000001
80	8.37	-13.299939975	-14.703657284999998	-0.6230716325	0.0245801125
81	8.36	-13.290632337500002	-14.696521825000001	-0.62725885	0.02142545500000001
82	8.35	-13.283295975	-14.690800800000002	-0.6305532374999999	0.018168070000000036
83	8.34	-13.279757805	-14.688503425	-0.6325400525	0.015367330000000012
84	8.33	-13.2813384425	-14.691165537499998	-0.6329519125	0.013392032500000012
85	8.32	-13.2885752525	-14.699488062499999	-0.6316968475	0.012452332499999996
86	8.31	-13.301002245	-14.713059274999999	-0.6288932875	0.012624764999999982
87	8.3	-13.31713439	-14.730335287499999	-0.6248953425	0.013852572499999993
88	8.29	-13.334702450000002	-14.748952144999999	-0.6202544750000001	0.01594119500000002
89	8.28	-13.351172424999998	-14.76633799	-0.6156051425	0.018570622499999995
90	8.27	-13.364434752500001	-14.780399527500002	-0.6115204200000001	0.021333405
91	8.26	-13.3732687975	-14.789921875	-0.608386915	0.02380439250000002
92	8.25	-13.377363835	-14.794567530000002	-0.60633165	0.025636534999999988
93	8.24	-13.377102472499999	-14.7947028	-0.60521437	0.02664967999999998
94	8.23	-13.3734001025	-14.791271065	-0.6046791825	0.026867089999999982
95	8.22	-13.367683475	-14.7856936425	-0.6042517775	0.026476852500000037
96	8.21	-13.3617297	-14.7796455125	-0.6034558125	0.025741514999999993
97	8.2	-13.357113775	-14.77461215	-0.601909475	0.024911492499999993
98	8.19	-13.3545570525	-14.771390245	-0.5993806625	0.024181187500000006
99	8.18	-13.3536773875	-14.7699310575	-0.5958098	0.023681604999999994
100	8.17	-13.35334351	-14.7696236325	-0.591312965	0.023482307499999994
101	8.16	-13.352382200000001	-14.769693320000002	-0.5861653600000001	0.023589889999999974
102	8.15	-13.350105235	-14.7694899975	-0.580762125	0.023945535000000018
103	8.14	-13.34643004	-14.768698415000001	-0.575560975	0.024424310000000005
104	8.129999999999999	-13.341778305	-14.767473465000002	-0.5710138275000001	0.024838909999999992
105	8.12	-13.336928465	-14.7663308875	-0.567498175	0.02495146750000002
106	8.11	-13.332814645	-14.765762070000001	-0.56526136	0.024494472500000003
107	8.1	-13.330158812499999	-14.765854404999999	-0.5643810025	0.02320430750000002
108	8.09	-13.3289742175	-14.766157110000002	-0.5647481025000001	0.020874635000000002
109	8.08	-13.328367519999999	-14.765818872499999	-0.5660951825	0.0174364075
110	8.07	-13.327045817500002	-14.763961349999999	-0.5680818625	0.01305008000000002
111	8.06	-13.324173787500001	-14.760152542499998	-0.570417755	0.008161337500000004
112	8.05	-13.319938045	-14.75470519	-0.57298308	0.003465954999999993
113	8.04	-13.315583844999999	-14.74863492	-0.5758937000000001	-0.0002462249999999888
114	8.03	-13.312838917499999	-14.74334988	-0.57946255	-0.0023417675000000082
115	8.02	-13.3129185375	-14.740140205	-0.5840680225	-0.002586725000000012
116	8.01	-13.3158902625	-14.73958154	-0.5900009125000001	-0.0012625799999999854
117	8.0	-13.3208741175	-14.7412015225	-0.5973377725	0.0008974150000000125
118	7.99	-13.32662119	-14.743681859999999	-0.6058348825	0.0029200799999999916
119	7.98	-13.331944029999999	-14.74548134	-0.6148685650000001	0.0038692975000000074
120	7.97	-13.3359343475	-14.7454958575	-0.623492645	0.003090812499999984
121	7.96	-13.3381275125	-14.7434504225	-0.630646755	0.00034862750000000386
122	7.95	-13.3386273225	-14.7398902225	-0.6354599400000001	-0.004171892499999996
123	7.9399999999999995	-13.338066302500001	-14.73580559	-0.6375149875	-0.009960832499999989
124	7.93	-13.33740191	-14.732175799999998	-0.6369430899999999	-0.01632359750000001
125	7.92	-13.3375570125	-14.729695540000002	-0.6343068175	-0.022518165000000007
126	7.91	-13.339054145	-14.72870696	-0.6303386325	-0.027862617499999992
127	7.9	-13.34194862	-14.729270762499999	-0.62567896	-0.03180089250000001
128	7.89	-13.34608872	-14.73131175	-0.6207386724999999	-0.033938159999999995
129	7.88	-13.3513550425	-14.73472116	-0.6157099075	-0.034075587500000004
130	7.87	-13.3576322975	-14.739335245	-0.6106664774999999	-0.032252050000000004
131	7.859999999999999	-13.364666360000001	-14.744848625	-0.6056714649999999	-0.02876519249999998
132	7.85	-13.371989925	-14.7507733425	-0.6008301325000001	-0.02413692250000002
133	7.84	-13.378953215	-14.7565219325	-0.59628048	-0.0190107075
134	7.83	-13.3849012875	-14.76158819	-0.5921473975	-0.014006417500000007
135	7.82	-13.389527170000001	-14.765733574999999	-0.5884827850000001	-0.009588034999999995
136	7.81	-13.393183299999999	-14.7691184625	-0.5852253825	-0.005991269999999993
137	7.8	-13.39678924	-14.7722724825	-0.5822185275	-0.003224287500000006
138	7.79	-13.4013579075	-14.7758512225	-0.5792811825	-0.0011204625000000024
139	7.779999999999999	-13.4075237925	-14.78036397	-0.5762874625000001	0.0005960750000000015
140	7.77	-13.4153741075	-14.7860577225	-0.5732155425	0.002258549999999998
141	7.76	-13.42462602	-14.792899892500001	-0.570147695	0.004223162499999988
142	7.75	-13.4349165875	-14.8005831525	-0.5672241675	0.006839837500000001
143	7.74	-13.4458792225	-14.8086484225	-0.56457687	0.010410197499999968
144	7.73	-13.457085335000002	-14.8166970775	-0.5622807049999999	0.015124957500000008
145	7.72	-13.468097172500002	-14.8244846475	-0.5603436425	0.02098763250000002
146	7.71	-13.478514132499999	-14.831881335000002	-0.558726585	0.02775232250000001
147	7.7	-13.4879345875	-14.838806535	-0.5573686775	0.034915317500000015
148	7.6899999999999995	-13.4959058325	-14.845162830000001	-0.5561986	0.04178721499999999
149	7.68	-13.501960277499998	-14.8507650925	-0.5551333025	0.047640779999999966
150	7.67	-13.5057969225	-14.855319975	-0.5540786	0.051891855000000014
151	7.66	-13.507421220000001	-14.85854924	-0.5529349625	0.05424962250000001
152	7.65	-13.507123060000001	-14.860340920000002	-0.5516077025	0.054786360000000034
153	7.64	-13.5053924675	-14.86074481	-0.5500292999999999	0.053912347499999985
154	7.63	-13.5028663725	-14.8599719375	-0.5481904825	0.052276510000000026
155	7.62	-13.500276067500002	-14.858514145000001	-0.5461575925	0.05063634249999999
156	7.609999999999999	-13.4983169625	-14.857146790000002	-0.5440556025000001	0.04974307
157	7.6	-13.497505834999998	-14.856673740000002	-0.5420193375	0.05026443250000001
158	7.59	-13.4981168675	-14.857586032500002	-0.5401310875	0.052720087499999985
159	7.58	-13.50016575	-14.859884270000002	-0.538361875	0.057391872499999996
160	7.57	-13.503412260000001	-14.863139517499999	-0.53653847	0.06421537
161	7.56	-13.507388210000002	-14.866727979999999	-0.5343573375	0.07269770749999999
162	7.55	-13.511514550000001	-14.8700682025	-0.531453355	0.0819133625
163	7.54	-13.515309665	-14.8726940825	-0.527514445	0.09061176500000001
164	7.529999999999999	-13.518501335000002	-14.8742163	-0.5223941375000001	0.09743296500000001
165	7.52	-13.5209483125	-14.874380655	-0.5161480599999999	0.10118459499999999
166	7.51	-13.5225766225	-14.87325184	-0.5089647775	0.10112435250000001
167	7.5	-13.52345414	-14.871250459999999	-0.5010216325000001	0.09720225249999997
168	7.49	-13.523825225	-14.8690201525	-0.4923275375	0.09019504250000002
169	7.48	-13.524086950000001	-14.867353184999999	-0.48263832250000005	0.08165958000000001
170	7.47	-13.52486677	-14.86703297	-0.4715102175	0.07368445500000001
171	7.46	-13.5270149375	-14.8684414725	-0.4584849875	0.06847227999999997
172	7.45	-13.53114827	-14.871394565	-0.4433356275	0.06781506000000001
173	7.4399999999999995	-13.53692289	-14.875554935	-0.426273765	0.07259413999999997
174	7.43	-13.5429573175	-14.8808073675	-0.40804364000000004	0.0824972125
175	7.42	-13.5478106775	-14.8869750275	-0.389867235	0.09608167249999999
176	7.41	-13.5509359425	-14.893463220000001	-0.3732295775	0.111158805
177	7.4	-13.552775445	-14.899644765	-0.35955638749999996	0.12532618749999996
178	7.39	-13.5545482525	-14.905492335000002	-0.34989518499999994	0.13642414
179	7.38	-13.557921035	-14.9116306925	-0.34468901750000003	0.14278283
180	7.37	-13.564226145	-14.9191279725	-0.343699795	0.14328046499999997
181	7.359999999999999	-13.573862832499998	-14.929266155	-0.3461045275	0.1373329675
182	7.35	-13.586387895	-14.942894065	-0.350714875	0.12492733500000003
183	7.34	-13.600798005	-14.959869304999998	-0.35624574249999996	0.10669646500000005
184	7.33	-13.615750855	-14.979153757499999	-0.36158273500000004	0.08393854
185	7.32	-13.629935087500002	-14.999046029999999	-0.36599676999999997	0.058530554999999984
186	7.31	-13.6424596925	-15.01734269	-0.36923488250000003	0.03274139250000002
187	7.3	-13.65274027	-15.0317868625	-0.3714440725	0.008924097499999978
188	7.29	-13.659994485	-15.0408032375	-0.37299057999999996	-0.010886409999999985
189	7.279999999999999	-13.66335829	-15.043948942499998	-0.374291155	-0.025316210000000006
190	7.27	-13.6626305525	-15.041605995	-0.37566657000000003	-0.03378133749999998
191	7.26	-13.65848479	-15.034484652499998	-0.377163735	-0.03641529499999996
192	7.25	-13.651947077500001	-15.0236712725	-0.3783899725	-0.03390638249999997
193	7.24	-13.643787015000001	-15.010772182499998	-0.3784614975	-0.02728501749999998
194	7.23	-13.6343108275	-14.997473565	-0.3761436975	-0.017678685
195	7.22	-13.623712987500001	-14.984844602499999	-0.370176475	-0.006113277499999986
196	7.21	-13.6124683725	-14.973048527500001	-0.3596230775	0.006587832500000029
197	7.2	-13.60111554	-14.96165503	-0.34405833500000005	0.019818847499999986
198	7.1899999999999995	-13.589854764999998	-14.9502960675	-0.32357616	0.0331411975
199	7.18	-13.578715859999999	-14.9390038425	-0.298709405	0.04621064
200	7.17	-13.567907335	-14.9279150425	-0.270340145	0.058727235000000017
201	7.16	-13.557696495	-14.916957075	-0.2396352175	0.07037469249999997
202	7.15	-13.54811913	-14.905884432500002	-0.20801609000000001	0.08070719500000001
203	7.14	-13.53886487	-14.8943037775	-0.1771424575	0.0890582
204	7.13	-13.5292453075	-14.8815547775	-0.14886324750000002	0.094602815
205	7.12	-13.51837478	-14.866632330000002	-0.12507671750000002	0.09660963749999998
206	7.109999999999999	-13.5056643875	-14.848447540000002	-0.10746323000000002	0.09475279
207	7.1	-13.49112426	-14.8265523775	-0.09713735749999997	0.08928159
208	7.09	-13.4750337275	-14.801701552499999	-0.094362155	0.08097898999999997
209	7.08	-13.4576982225	-14.77549158	-0.09850607000000003	0.0710112075
210	7.07	-13.439784075	-14.749411690000002	-0.10825348000000001	0.06073064750000001
211	7.0600000000000005	-13.422420950000001	-14.7243076975	-0.1218526875	0.051403439999999995
212	7.05	-13.406546872500002	-14.700384967500002	-0.13725876750000002	0.04393126
213	7.04	-13.3920991925	-14.6772673975	-0.15224218250000002	0.0387427125
214	7.029999999999999	-13.3781814725	-14.6541726675	-0.16456949749999997	0.035907167499999976
215	7.02	-13.3640556375	-14.6303994575	-0.1722367725	0.035344770000000025
216	7.01	-13.3496028575	-14.60592093	-0.17367592	0.03698060500000003
217	7.0	-13.3350214325	-14.5814410325	-0.16792431	0.04077517749999998
218	6.99	-13.320497490000001	-14.557695684999999	-0.15474169000000002	0.04666525250000003
219	6.98	-13.306124047499999	-14.5349578975	-0.13457197750000002	0.05447477249999999
220	6.97	-13.29184941	-14.513199695	-0.10831107249999997	0.06384331500000001
221	6.96	-13.277284739999999	-14.492277379999999	-0.07702842000000001	0.0742539375
222	6.949999999999999	-13.2615191125	-14.471801464999999	-0.04180015250000002	0.08518688249999998
223	6.9399999999999995	-13.243212492500001	-14.450875165	-0.003651727500000007	0.09628494499999998
224	6.93	-13.2208028875	-14.428026492499999	0.03643545750000002	0.107395675
225	6.92	-13.1927021525	-14.401326534999999	0.07744132499999998	0.11845394999999997
226	6.91	-13.1576022275	-14.368748844999999	0.11816220749999998	0.1292832825
227	6.9	-13.1146411275	-14.329038259999999	0.15712202249999999	0.13946484
228	6.89	-13.0634388275	-14.282348169999999	0.19265329250000002	0.148387465
229	6.88	-13.00418509	-14.229746927499999	0.22310848250000007	0.15546102
230	6.869999999999999	-12.937565235000001	-14.1721712425	0.24708651999999995	0.1603513925
231	6.859999999999999	-12.864449205	-14.1102151325	0.26358714499999997	0.163090445
232	6.85	-12.785674425	-14.04490846	0.27202578749999995	0.16404548249999998
233	6.84	-12.702124855000001	-13.977833839999999	0.27211633	0.16381851500000003
234	6.83	-12.6148623275	-13.910114700000001	0.26372429750000004	0.16307364750000003
235	6.82	-12.5250797775	-13.841812367500001	0.24678219999999998	0.1622930525
236	6.8100000000000005	-12.4340867225	-13.772053770000001	0.22131304000000007	0.16161799500000001
237	6.8	-12.343655905	-13.6993129675	0.18761431	0.16090540500000003
238	6.79	-12.256286962499999	-13.622420602499998	0.1466357224999999	0.15991686500000005
239	6.779999999999999	-12.174787175	-13.5420030375	0.10042633999999998	0.15853421749999996
240	6.77	-12.1014711325	-13.4608305725	0.05234972500000007	0.15695530249999998
241	6.76	-12.037370622500001	-13.383110922499998	0.006826602500000001	0.15573859249999997
242	6.75	-11.981950122499999	-13.313799732500001	-0.031383052500000036	0.15561093249999997
243	6.74	-11.93388762	-13.257937442499998	-0.058129370000000014	0.1571640725
244	6.73	-11.892248350000001	-13.21924064	-0.0707507175	0.16063669749999998
245	6.72	-11.856901362499999	-13.19837134	-0.06867902249999994	0.16589115750000002
246	6.71	-11.82815709	-13.1926521675	-0.053695082499999935	0.1725658625
247	6.699999999999999	-11.806487425	-13.197554482500001	-0.02973615499999996	0.18029305
248	6.6899999999999995	-11.792388357499998	-13.208167782499999	-0.0021671149999999972	0.1888856925
249	6.68	-11.785360605000001	-13.219696735	0.023383455000000053	0.1984236775
250	6.67	-11.782327045	-13.227700935	0.0423026225	0.20919138250000005
251	6.66	-11.7779274125	-13.22887737	0.05198265499999996	0.22151308999999997
252	6.65	-11.767345125	-13.2223018925	0.05221646249999998	0.23558935499999997
253	6.64	-11.748995815	-13.20990024	0.0449197375	0.2514188024999999
254	6.63	-11.724976895000001	-13.1953873125	0.033308672500000025	0.26881933750000003
255	6.619999999999999	-11.699511775	-13.182508725000002	0.020820810000000023	0.28745684000000005
256	6.609999999999999	-11.676794919999999	-13.1737390075	0.010177530000000046	0.30681960249999995
257	6.6	-11.6593493275	-13.1698838175	0.0029241624999999938	0.32622521
258	6.59	-11.647440959999999	-13.1702795325	-0.0004967100000000391	0.34498408500000005
259	6.58	-11.63985267	-13.173095110000002	-0.0003467349999999869	0.36268827000000003
260	6.57	-11.6350306275	-13.175945304999999	0.002878432499999889	0.3794021725000001
261	6.5600000000000005	-11.631627915	-13.177076164999999	0.008790612499999989	0.39555737999999996
262	6.55	-11.6288149575	-13.176257615	0.017199567499999957	0.41161436000000007
263	6.54	-11.6264097	-13.174506802500002	0.027982494999999913	0.427730705
264	6.529999999999999	-11.6244427375	-13.172994175	0.040879334999999906	0.44359742999999996
265	6.52	-11.622431347500001	-13.172179615000001	0.05535229750000009	0.45847333
266	6.51	-11.619231749999999	-13.171636647500002	0.07060445249999997	0.4714055475000001
267	6.5	-11.6138138625	-13.170269595	0.08578809499999995	0.48157339
268	6.49	-11.606166827500001	-13.16704946	0.10030286000000002	0.4885697725
269	6.48	-11.59747852	-13.162120075	0.11400127249999994	0.49245876
270	6.47	-11.589634272500001	-13.157313994999999	0.12718602	0.4936943775
271	6.46	-11.5846089775	-13.155444420000002	0.14041336499999993	0.49309582
272	6.449999999999999	-11.584055464999999	-13.1588536125	0.1541907674999999	0.4918994099999999
273	6.4399999999999995	-11.589117709999998	-13.168573065	0.1686927725	0.49170417
274	6.43	-11.6004147275	-13.1846481425	0.18364175500000007	0.49412783499999996
275	6.42	-11.6180710075	-13.2067944475	0.1984009199999999	0.5002318075
276	6.41	-11.641797137500001	-13.2345383975	0.21218911749999997	0.5100323200000001
277	6.4	-11.6707733575	-13.2668970725	0.2243213275	0.5224168150000001
278	6.39	-11.7033514875	-13.3021580675	0.23440396249999998	0.5355233574999999
279	6.38	-11.7373022375	-13.338106319999998	0.24239299499999994	0.5473517275
280	6.369999999999999	-11.77044935	-13.372594095	0.24846199000000002	0.5563011975
281	6.359999999999999	-11.800992554999999	-13.4040732875	0.2527524974999999	0.5614969325
282	6.35	-11.8278032575	-13.431893604999999	0.25518354749999994	0.562919605
283	6.34	-11.85092204	-13.456361117500002	0.2554524100000001	0.5613348275000001
284	6.33	-11.871392314999998	-13.4784502225	0.2531996024999999	0.5580027350000001
285	6.32	-11.89027391	-13.4991812375	0.24819569250000006	0.5542276425
286	6.3100000000000005	-11.908252745	-13.51922612	0.24045180000000008	0.5508755175000001
287	6.3	-11.9261704425	-13.539072220000001	0.23029620999999992	0.5480223425
288	6.29	-11.9452363925	-13.559113767500001	0.218423965	0.54491011
289	6.279999999999999	-11.9665065225	-13.57951878	0.20578281249999994	0.5402599950000001
290	6.27	-11.990370105	-13.6002993425	0.19322014999999995	0.5327825
291	6.26	-12.016583925	-13.62142092	0.18105292749999993	0.52165908
292	6.25	-12.044616395	-13.642748497500001	0.1688601700000001	0.5068266
293	6.24	-12.073825485	-13.6640021125	0.15566109500000005	0.4889798325000001
294	6.23	-12.103437637499999	-13.6848793725	0.14038509499999996	0.4693129975
295	6.22	-12.1326673825	-13.7053168225	0.12237155	0.44911953000000004
296	6.21	-12.161052662500001	-13.72565295	0.10163151500000009	0.4294187924999999
297	6.199999999999999	-12.188603980000002	-13.746473762499999	0.07878369500000001	0.4107602175
298	6.1899999999999995	-12.2155899075	-13.76829166	0.05478888499999998	0.3932638475
299	6.18	-12.242335887500001	-13.791367315	0.030663289999999954	0.376833615
300	6.17	-12.269140015000001	-13.8156993425	0.007287569999999993	0.36142904000000003
301	6.16	-12.2960483875	-13.8410733075	-0.014672419999999992	0.3472786325
302	6.15	-12.322702965	-13.8671503275	-0.03479142250000006	0.33491407250000005
303	6.14	-12.348561845	-13.8934948525	-0.05287675250000001	0.3249719775
304	6.13	-12.37312317	-13.919311255	-0.06889634749999995	0.3178532475
305	6.119999999999999	-12.39589377	-13.943176735	-0.08289041499999997	0.3134386725
306	6.109999999999999	-12.416438345	-13.963567365	-0.09496691250000003	0.311033735
307	6.1	-12.4347286025	-13.979966580000003	-0.10536258500000001	0.309590435
308	6.09	-12.45153131	-13.9933752975	-0.11444553999999993	0.30810329999999997
309	6.08	-12.468314195	-14.0059353925	-0.12261023499999998	0.3059686024999999
310	6.07	-12.4866298225	-14.0202518975	-0.13015046249999998	0.30312381
311	6.0600000000000005	-12.5076281525	-14.03872765	-0.13720012000000004	0.29991775500000006
312	6.05	-12.5320057175	-14.0628309975	-0.14371791249999996	0.29680005249999997
313	6.04	-12.559953002499999	-14.092377345	-0.14945419749999994	0.29399724000000005
314	6.029999999999999	-12.59080916	-14.125351522499999	-0.15393873250000004	0.2913481575
315	6.02	-12.622759049999999	-14.158551015000002	-0.1565946975	0.2883987025
316	6.01	-12.65309625	-14.188794195	-0.15700180750000006	0.28470465
317	6.0	-12.6792325875	-14.214170307500002	-0.155186195	0.28014806999999997
318	5.99	-12.6999784525	-14.2346643725	-0.15174933999999998	0.27506263750000004
319	5.98	-12.7161792875	-14.2518759425	-0.1477306125	0.270094615
320	5.97	-12.7302157	-14.268180972500002	-0.1442585775	0.2658859275
321	5.96	-12.744865654999998	-14.2859039525	-0.14215655249999998	0.2627574875
322	5.949999999999999	-12.76239912	-14.30687693	-0.1416737875	0.2605621125
323	5.9399999999999995	-12.7842603175	-14.332332192500001	-0.14244064750000002	0.258785255
324	5.93	-12.81115799	-14.362915910000002	-0.1436323775	0.25685602250000006
325	5.92	-12.843257682499999	-14.398804024999999	-0.1442400275	0.2545249825
326	5.91	-12.8802161375	-14.439785375	-0.14334549500000002	0.2521242625
327	5.9	-12.920981975	-14.4851163475	-0.140342415	0.2505825
328	5.89	-12.963754055	-14.5333865175	-0.13507191749999997	0.2511643625
329	5.88	-13.00642899	-14.582661025	-0.12783066499999998	0.2550234425
330	5.869999999999999	-13.04713954	-14.6308323975	-0.11920925000000002	0.2627485925
331	5.859999999999999	-13.084495985	-14.6762670675	-0.10980396750000002	0.274070785
332	5.85	-13.117869175	-14.718506495	-0.09997296750000001	0.287840965
333	5.84	-13.147834679999999	-14.7582177375	-0.08979636499999996	0.30231003250000005
334	5.83	-13.176151135000001	-14.796570527499998	-0.07925124	0.3155835775
335	5.82	-13.205028025	-14.83483474	-0.0684998375	0.32602435500000004
336	5.8100000000000005	-13.2361621125	-14.874140635	-0.0581183475	0.3324616825
337	5.8	-13.2703009025	-14.9153730125	-0.049125470000000004	0.3342070375
338	5.79	-13.307588865	-14.9592639075	-0.04280393499999999	0.3309535225
339	5.779999999999999	-13.3478721425	-15.006237015	-0.04038494249999999	0.32264489249999995
340	5.77	-13.390331385	-15.0559092425	-0.04273087250000002	0.30936057250000004
341	5.76	-13.432966619999998	-15.106579275	-0.05017845749999997	0.291244845
342	5.75	-13.472697555	-15.1551042675	-0.06256936500000002	0.2685015175
343	5.74	-13.5060722425	-15.197627425	-0.07935322249999996	0.24143112
344	5.73	-13.5302182625	-15.2310446125	-0.09965454000000001	0.21047567500000003
345	5.72	-13.54382015	-15.2542088625	-0.12230557	0.1762899825
346	5.71	-13.547642697499999	-15.268051182499999	-0.14593325000000004	0.1398422875
347	5.699999999999999	-13.5440934925	-15.274770544999999	-0.1691513575	0.10245090250000001
348	5.6899999999999995	-13.53582529	-15.27653376	-0.190811645	0.0656689925
349	5.68	-13.524106345	-15.274194962500001	-0.21023126749999999	0.031041495000000002
350	5.67	-13.50806104	-15.2666909075	-0.22733008000000002	-0.00016153500000000431
351	5.66	-13.485171139999999	-15.251461115	-0.24261961249999994	-0.02712935250000001
352	5.65	-13.452409880000001	-15.2256179675	-0.2570240225	-0.04956458500000001
353	5.64	-13.4072720325	-15.18711551	-0.27158575500000004	-0.06763838750000001
354	5.63	-13.348589220000001	-15.13540404	-0.287156865	-0.081900845
355	5.619999999999999	-13.277084415000001	-15.0713949775	-0.3041713225	-0.0931567475
356	5.609999999999999	-13.19519786	-14.9970282975	-0.322561	-0.1023407475
357	5.6	-13.106076232500001	-14.91491028	-0.341834735	-0.11046278749999999
358	5.59	-13.0125198675	-14.82776896	-0.3612820825	-0.1185942425
359	5.58	-12.9164430575	-14.7375902825	-0.3802108075	-0.127789155
360	5.57	-12.8184910875	-14.6451030875	-0.39810836250000003	-0.13890420250000002
361	5.5600000000000005	-12.7178744	-14.550028435	-0.41466249250000004	-0.1523682675
362	5.55	-12.613231765	-14.45188551	-0.42967843499999997	-0.1680233375
363	5.54	-12.50443207	-14.350958415	-0.442980785	-0.18516999750000002
364	5.529999999999999	-12.3938296775	-14.24891994	-0.45434017250000003	-0.20282414499999998
365	5.52	-12.2859189425	-14.14878348	-0.4634511925	-0.220063585
366	5.51	-12.1859167825	-14.0543270575	-0.4699938125	-0.23631894250000002
367	5.5	-12.098375135	-13.969409090000001	-0.47374259500000004	-0.25149676
368	5.49	-12.02638279	-13.89733621	-0.47464632749999996	-0.26590208249999997
369	5.48	-11.97129816	-13.840275835	-0.4728475625	-0.28003469
370	5.47	-11.932779162500001	-13.798767515	-0.4686789575	-0.2943618725
371	5.46	-11.9090367075	-13.771463985	-0.4626715425	-0.3091436075
372	5.449999999999999	-11.89710655	-13.755437059999998	-0.4555506425	-0.32437947
373	5.4399999999999995	-11.893047627500001	-13.74700932	-0.4481634775	-0.33987638750000004
374	5.43	-11.892573535	-13.7425790225	-0.4413220675	-0.35536339499999997
375	5.42	-11.892109135	-13.7391796625	-0.43562828750000004	-0.370602385
376	5.41	-11.8894953925	-13.7347998075	-0.4313689025	-0.38546023500000004
377	5.4	-11.884081025	-13.728432247499999	-0.42850996500000005	-0.39992121
378	5.39	-11.87652452	-13.7200673275	-0.42675922999999993	-0.4140545425
379	5.38	-11.868344755	-13.710700997499998	-0.42565610499999995	-0.42794607
380	5.369999999999999	-11.86113861	-13.7018498475	-0.42468004000000004	-0.44159404999999996
381	5.359999999999999	-11.85601234	-13.694681792499999	-0.42336513499999995	-0.45480052
382	5.35	-11.853513320000001	-13.689602245	-0.421384235	-0.4671086400000001
383	5.34	-11.853625975	-13.6864742075	-0.41861758000000004	-0.47782525
384	5.33	-11.8559401175	-13.685022725	-0.4152481725	-0.48614031500000005
385	5.32	-11.86020553	-13.68510925	-0.41181306000000006	-0.4913043025
386	5.3100000000000005	-11.866513145	-13.6866883675	-0.409101665	-0.4927963875
387	5.3	-11.874809445	-13.689543664999999	-0.407923565	-0.49044645
388	5.29	-11.88458479	-13.6932419875	-0.40886532999999997	-0.4845109625
389	5.279999999999999	-11.8950070075	-13.6973988025	-0.4121517075	-0.47571910500000003
390	5.27	-11.9051008225	-13.701815645	-0.4176657275	-0.46527267
391	5.26	-11.9138503725	-13.706123782499999	-0.42508349	-0.45473462249999996
392	5.25	-11.9202173525	-13.709134322499999	-0.43403947249999997	-0.4457770325
393	5.24	-11.92305192	-13.708625260000002	-0.4442750025	-0.43984324
394	5.23	-11.92108539	-13.7020641825	-0.4557162575	-0.4378322075
395	5.22	-11.913359674999999	-13.687860107499999	-0.46842045499999996	-0.4399020925
396	5.21	-11.9000670175	-13.6662813175	-0.48240156500000003	-0.4454273225
397	5.199999999999999	-11.883070305	-13.639495295	-0.49741046749999995	-0.45309696
398	5.1899999999999995	-11.8654448325	-13.6109453575	-0.5127713125	-0.461152495
399	5.18	-11.85040507	-13.584593367499998	-0.5273994125	-0.4677718975
400	5.17	-11.84038988	-13.564174785	-0.5400651975	-0.47152438500000005
401	5.16	-11.8366590775	-13.552387750000001	-0.5498084575	-0.47172548
402	5.1499999999999995	-11.8393483925	-13.55011104	-0.5562901100000001	-0.4685544225
403	5.14	-11.84763884	-13.555996615	-0.5599178975	-0.4629064574999999
404	5.13	-11.859722525	-13.56670772	-0.56172792	-0.45604283
405	5.12	-11.872609427499999	-13.57773939	-0.5630980000000001	-0.449162925
406	5.109999999999999	-11.882500199999999	-13.584574965	-0.5654016975	-0.44305857
407	5.1	-11.88606252	-13.583847989999999	-0.5697200099999999	-0.43796411250000006
408	5.09	-11.881664449999999	-13.574135392499999	-0.57670053	-0.43360619499999997
409	5.08	-11.86965583	-13.556185562500001	-0.58654658	-0.42936524750000005
410	5.07	-11.8518896625	-13.532605269999998	-0.59901706	-0.424440325
411	5.06	-11.831328575	-13.50733595	-0.6133678300000001	-0.4179768625
412	5.05	-11.8119052275	-13.4851686275	-0.6282949775	-0.4091957675
413	5.04	-11.7981741125	-13.47120125	-0.64201003	-0.39758607749999997
414	5.03	-11.7945899225	-13.470162994999999	-0.6525421325	-0.383144765
415	5.02	-11.804555924999999	-13.4853849625	-0.6582412925	-0.36651237249999996
416	5.01	-11.829420905	-13.5174460575	-0.6583218225	-0.3488472925
417	5.0	-11.8676198925	-13.5632466125	-0.653181155	-0.33145782749999997
418	4.99	-11.914686020000001	-13.6164311725	-0.6442597400000001	-0.3153860625
419	4.9799999999999995	-11.964719895000002	-13.6694510925	-0.6334595574999999	-0.30114166249999996
420	4.97	-12.012458885000001	-13.716183664999999	-0.6224223475	-0.2886633375
421	4.96	-12.054323264999999	-13.753393495000001	-0.61204513	-0.2774738025
422	4.95	-12.0882594025	-13.780547979999998	-0.602445565	-0.26692428
423	4.9399999999999995	-12.113508054999999	-13.798842959999998	-0.5932905049999999	-0.256396495
424	4.93	-12.1307382475	-13.810354645	-0.5842185974999999	-0.24537657499999999
425	4.92	-12.14207424	-13.81751833	-0.5751763375000001	-0.23343168749999998
426	4.91	-12.150176775	-13.8226239975	-0.566601545	-0.22021145000000003
427	4.8999999999999995	-12.156627564999999	-13.827188695	-0.559362135	-0.20554204
428	4.89	-12.161583064999999	-13.831714062499998	-0.5544144799999999	-0.18952897000000002
429	4.88	-12.165311265	-13.836386465	-0.5523395325	-0.172534425
430	4.87	-12.169446895	-13.84201277	-0.5530356224999999	-0.15500860500000002
431	4.859999999999999	-12.176357822500002	-13.8498260025	-0.5557619075	-0.1372747925
432	4.85	-12.1873656075	-13.860256557500001	-0.559481005	-0.11939445249999998
433	4.84	-12.201632717499999	-13.872140445	-0.5632669025	-0.10120236250000002
434	4.83	-12.21690089	-13.883178425	-0.5665494375	-0.08253319
435	4.819999999999999	-12.2310823575	-13.8911680725	-0.5690930025	-0.06352311750000002
436	4.81	-12.243032499999998	-13.894916839999999	-0.570790475	-0.044745955000000004
437	4.8	-12.2524361975	-13.89440677	-0.57147238	-0.027077837499999993
438	4.79	-12.259393289999998	-13.890632345	-0.5708760525000001	-0.011422152500000018
439	4.78	-12.26411995	-13.88528279	-0.5687797450000001	0.0015439174999999639
440	4.77	-12.2669569575	-13.88026168	-0.5651873625	0.011551389999999995
441	4.76	-12.268428960000001	-13.877035172500001	-0.5604116825	0.01884515750000003
442	4.75	-12.26901116	-13.87611119	-0.55499762	0.024141387500000014
443	4.74	-12.2686485375	-13.877012887500001	-0.5495454425	0.02840199749999997
444	4.7299999999999995	-12.26670664	-13.878679335	-0.5445152775	0.032525365000000014
445	4.72	-12.262599627499998	-13.880160352499999	-0.5400516275	0.03708586749999998
446	4.71	-12.256447414999998	-13.8812061875	-0.53588006	0.04222460999999998
447	4.7	-12.249222695	-13.882170062499998	-0.53136801	0.047739739999999975
448	4.6899999999999995	-12.242223345	-13.8833286975	-0.5257596275	0.05332142750000002
449	4.68	-12.2359978625	-13.884349897499998	-0.5184691925	0.05879858000000002
450	4.67	-12.22953681	-13.883991545	-0.5093130075	0.06427777250000002
451	4.66	-12.220616987499998	-13.880011759999999	-0.498597265	0.07009729249999999
452	4.6499999999999995	-12.20688356	-13.869848537500001	-0.4869610725	0.0766065875
453	4.64	-12.186712637500001	-13.851948735	-0.4749450675	0.08391896750000002
454	4.63	-12.159802275	-13.826779035	-0.46247207250000005	0.09179825000000001
455	4.62	-12.1278528775	-13.79695469	-0.44852073000000003	0.09971741249999996
456	4.609999999999999	-12.095102709999999	-13.766815627499998	-0.43113563749999995	0.1070433025
457	4.6	-12.0682656775	-13.741883017500001	-0.4077698175	0.11326206999999995
458	4.59	-12.0559433975	-13.728252699999999	-0.3759168975	0.11812383999999998
459	4.58	-12.067176632499999	-13.731635382499999	-0.33394859250000003	0.12163852
460	4.569999999999999	-12.10805268	-13.755484370000001	-0.281948905	0.12395476750000001
461	4.56	-12.177013545000001	-13.7983452825	-0.2222139225	0.12519575
462	4.55	-12.26238893	-13.85211275	-0.15911324000000002	0.1253521525
463	4.54	-12.3451666125	-13.90344856	-0.09823390000000001	0.12431779750000002
464	4.53	-12.4060216225	-13.938700465	-0.04505482750000002	0.1220529625
465	4.52	-12.432727850000001	-13.94956316	-0.003624970000000005	0.11877394500000002
466	4.51	-12.4239488675	-13.9356303775	0.02430570999999998	0.11504314250000004
467	4.5	-12.3875352075	-13.9026341425	0.039450385000000004	0.11166314749999998
468	4.49	-12.33524653	-13.8587327325	0.044440557500000005	0.1093770275
469	4.4799999999999995	-12.277345975	-13.8111261575	0.042816405	0.10850465249999997
470	4.47	-12.2191310875	-13.763616485	0.03793224999999997	0.1087009625
471	4.46	-12.16038039	-13.7158194075	0.03213372749999996	0.10896114999999998
472	4.45	-12.0977776775	-13.66456568	0.026438905000000013	0.10787987999999998
473	4.4399999999999995	-12.028416149999998	-13.6065426075	0.020760505000000012	0.10405596499999999
474	4.43	-11.951713259999998	-13.540392994999998	0.014477227500000023	0.09648615000000002
475	4.42	-11.869255862500001	-13.467425542500001	0.00703736499999999	0.08482500000000001
476	4.41	-11.784069822500001	-13.391177424999999	-0.00166860750000003	0.06944650749999999
477	4.3999999999999995	-11.699999145	-13.316202794999999	-0.011272842500000019	0.05131265000000003
478	4.39	-11.6206654475	-13.2465827575	-0.021167734999999993	0.03171080250000003
479	4.38	-11.54837264	-13.184763234999998	-0.030867392500000007	0.011939462500000025
480	4.37	-11.483858152500002	-13.1310781075	-0.04031975999999998	-0.006973062499999964
481	4.359999999999999	-11.426546875	-13.0840460775	-0.0500102375	-0.024429125000000017
482	4.35	-11.374649295000001	-13.04119709	-0.06079880000000004	-0.04026157500000001
483	4.34	-11.3254187225	-12.999926525000001	-0.07355357499999998	-0.054609512500000006
484	4.33	-11.27601139	-12.958177769999999	-0.08871878500000002	-0.0677323
485	4.319999999999999	-11.2246997775	-12.9150073275	-0.10600520499999999	-0.07982459250000001
486	4.31	-11.1718971725	-12.870798254999999	-0.12436720000000004	-0.09090730499999998
487	4.3	-11.1203124675	-12.8270286675	-0.1423020425	-0.10085752499999999
488	4.29	-11.07373553	-12.7857211625	-0.15835142000000002	-0.1095801375
489	4.28	-11.03505622	-12.748589475	-0.17157739	-0.11721316250000001
490	4.27	-11.0050096925	-12.716352650000001	-0.18179600499999998	-0.12419515749999999
491	4.26	-10.982471299999998	-12.68882366	-0.18949526999999997	-0.1311332575
492	4.25	-10.965735495	-12.66557051	-0.19553384499999998	-0.1385567425
493	4.24	-10.9537009	-12.646481990000002	-0.20079609750000002	-0.1466667975
494	4.2299999999999995	-10.9462981375	-12.631779915000001	-0.205955795	-0.15518466250000001
495	4.22	-10.944210575	-12.62160575	-0.21143618250000001	-0.16339436
496	4.21	-10.94801503	-12.615710345	-0.217577565	-0.1703829025
497	4.2	-10.956586895	-12.612974389999998	-0.2249401675	-0.17535137500000003
498	4.1899999999999995	-10.965400785	-12.6101694275	-0.23458701499999998	-0.1778443275
499	4.18	-10.96632627	-12.601052684999999	-0.248114075	-0.17781692999999998
500	4.17	-10.9498774025	-12.577675652500002	-0.2672214325	-0.17554506499999997
501	4.16	-10.9094226375	-12.53418495	-0.2928953225	-0.17142159
502	4.1499999999999995	-10.8455404425	-12.4710879575	-0.324647	-0.1657280525
503	4.14	-10.7674444425	-12.3966142825	-0.3603177175	-0.15856177000000002
504	4.13	-10.689638487499998	-12.323653402500002	-0.39664724749999997	-0.15003527
505	4.12	-10.6259238975	-12.264484905	-0.430356975	-0.14062264499999996
506	4.109999999999999	-10.584707695	-12.2266569675	-0.45917746000000004	-0.13136069500000003
507	4.1	-10.567503592500001	-12.21157306	-0.4823259725	-0.12369775500000002
508	4.09	-10.570124315	-12.21549497	-0.5003381575	-0.11905302499999999
509	4.08	-10.5852431025	-12.231723995	-0.5144943550000001	-0.1183534875
510	4.069999999999999	-10.6050387375	-12.2528480575	-0.5261729749999999	-0.1218044425
511	4.06	-10.623144155	-12.272737105	-0.5363973350000001	-0.12894864
512	4.05	-10.635798285	-12.28787515	-0.54570903	-0.138836945
513	4.04	-10.6422216	-12.2976591175	-0.5543253925	-0.15013529999999997
514	4.03	-10.644125279999999	-12.3039003575	-0.5624061100000001	-0.16122232749999998
515	4.02	-10.6447992125	-12.309712725	-0.5702433775	-0.17043252750000001
516	4.01	-10.6481098775	-12.3181367975	-0.578247665	-0.1764592425
517	4.0	-10.657191407500001	-12.3313100725	-0.5867404150000001	-0.17874418
518	3.99	-10.6732346775	-12.3503918575	-0.5957412624999999	-0.1775971575
519	3.9799999999999995	-10.6953746	-12.37534892	-0.6049223675000001	-0.17388109499999999
520	3.9699999999999998	-10.721463159999999	-12.404475445	-0.6137379525000001	-0.16838795750000002
521	3.96	-10.748594527500002	-12.4346281475	-0.62164237	-0.16129726500000002
522	3.95	-10.773499155	-12.462229675	-0.628315425	-0.152040085
523	3.9399999999999995	-10.793404447499999	-12.4843893325	-0.63381887	-0.13959994249999996
524	3.9299999999999997	-10.8070221225	-12.49963835	-0.6385712	-0.12304463999999998
525	3.92	-10.814938865	-12.50801715	-0.643082415	-0.102009625
526	3.91	-10.8190951025	-12.5106382925	-0.6475665825	-0.07691309000000002
527	3.8999999999999995	-10.8219538	-12.509015677499999	-0.6516453975000001	-0.048802017499999996
528	3.8899999999999997	-10.826107604999999	-12.5046254625	-0.6543052975	-0.018926077499999996
529	3.88	-10.8341078325	-12.498926022500001	-0.6541396425	0.011701297499999996
530	3.87	-10.8481759775	-12.49359082	-0.649747285	0.04252449500000001
531	3.8599999999999994	-10.869838985	-12.49059786	-0.64009793	0.07336696749999999
532	3.8499999999999996	-10.89931295	-12.49182197	-0.624751245	0.1041346075
533	3.84	-10.9349122225	-12.4983307	-0.6039310525	0.13450144249999998
534	3.83	-10.973333555	-12.5100861425	-0.5785149425	0.1637623075
535	3.8199999999999994	-11.011031132500001	-12.5262899525	-0.5499634425	0.19089690500000003
536	3.8099999999999996	-11.0458216175	-12.546062399999999	-0.5201346075	0.21476250749999998
537	3.8	-11.077552047500001	-12.5690808925	-0.4909508175	0.23430876
538	3.79	-11.1076177225	-12.59579342	-0.4640391525	0.2487545425
539	3.7800000000000002	-11.137957722500001	-12.627008889999999	-0.44055265749999994	0.2577326925
540	3.7699999999999996	-11.1699793475	-12.6631445175	-0.4212472475	0.2614094025
541	3.76	-11.2038751875	-12.703547635	-0.406675745	0.26049813999999993
542	3.75	-11.238797120000001	-12.7463207775	-0.3972891825	0.25607777499999995
543	3.74	-11.273562977500001	-12.7889373325	-0.39334258749999995	0.24924957749999999
544	3.7299999999999995	-11.307086762499999	-12.8291751575	-0.394676625	0.24080562500000002
545	3.7199999999999998	-11.3383381025	-12.8655473925	-0.40057451250000004	0.23111286
546	3.71	-11.366342069999998	-12.897166850000001	-0.409852165	0.22027161
547	3.7	-11.390367232500001	-12.923525855000001	-0.42112878249999997	0.208409665
548	3.6899999999999995	-11.410018242500001	-12.94444445	-0.4330565675	0.19593022
549	3.6799999999999997	-11.425342689999999	-12.9603368625	-0.44433544	0.1836098725
550	3.67	-11.43708679	-12.972621185000001	-0.4535773825	0.17251861000000002
551	3.66	-11.446765979999999	-12.98366477	-0.45929568500000006	0.1637970125
552	3.6499999999999995	-11.4564329825	-12.99611082	-0.4602194150000001	0.15837161
553	3.6399999999999997	-11.468411382500001	-13.012067595	-0.4558074725	0.156695455
554	3.63	-11.4848976575	-13.032576322499999	-0.4465993525	0.1585968425
555	3.62	-11.507043737500002	-13.0573950075	-0.4341318475	0.1633108325
556	3.6099999999999994	-11.5337396575	-13.085030915	-0.42047316500000004	0.1697055675
557	3.5999999999999996	-11.561244295	-13.112974185	-0.40768068	0.1766158
558	3.59	-11.58475583	-13.13816849	-0.39745172500000003	0.18313901
559	3.58	-11.601003927499999	-13.158039235	-0.39095431999999997	0.1887766425
560	3.5699999999999994	-11.6096462375	-13.17191296	-0.38867871249999997	0.19338652750000002
561	3.5599999999999996	-11.6129372375	-13.181614785	-0.39030460999999994	0.19698353249999997
562	3.55	-11.61450762	-13.190403799999999	-0.39469919499999995	0.19945284749999997
563	3.54	-11.617718957500001	-13.200857469999999	-0.40009019749999997	0.2002447175
564	3.5300000000000002	-11.624047745	-13.2132259425	-0.40433420999999997	0.1981322525
565	3.5199999999999996	-9.0599549475	-10.16649731	-0.5609614775	0.055961397499999996
566	3.51	-9.0749326575	-10.18041374	-0.5584404875	0.059694620000000004
567	3.5	-9.088889565	-10.1908396825	-0.5538401425	0.0650872075
568	3.49	-9.1008405825	-10.1981779625	-0.5466677125	0.0710851775
569	3.4799999999999995	-9.111173364999999	-10.203933345	-0.53701389	0.076870305
570	3.4699999999999998	-9.121608782500001	-10.210145725	-0.5257939174999999	0.08200405749999999
571	3.46	-9.13491431	-10.219259752500001	-0.5147666575000001	0.086430965
572	3.45	-9.15407222	-10.233717004999999	-0.50625262	0.090372405
573	3.4399999999999995	-9.1809398275	-10.25489678	-0.5026136175	0.0941622925
574	3.4299999999999997	-9.215217805	-10.2821689475	-0.505650455	0.0980781175
575	3.42	-9.254694695	-10.31295731	-0.5161182975	0.10223151250000001
576	3.41	-9.2966642825	-10.34377402	-0.53351408	0.1065686725
577	3.3999999999999995	-9.3393014775	-10.371670037500001	-0.5561631825	0.11098035250000002
578	3.3899999999999997	-9.3820370375	-10.3955006675	-0.5815567150000001	0.1154603975
579	3.38	-9.42507876	-10.41629194	-0.6068837699999999	0.12022039500000001
580	3.37	-9.468740154999999	-10.4363210125	-0.6296669075	0.1256943875
581	3.3599999999999994	-9.513040539999999	-10.4574700475	-0.64833514	0.13242191749999999
582	3.3499999999999996	-9.5576435975	-10.480146062500001	-0.6625234274999999	0.1408356525
583	3.34	-9.60179229	-10.5034952	-0.67295353	0.1510168125
584	3.33	-9.644072595	-10.52646293	-0.6809402325	0.1625170525
585	3.3199999999999994	-9.6825034525	-10.548706150000001	-0.68775941	0.17434707
586	3.3099999999999996	-9.715274565000001	-10.57061832	-0.6941603675	0.1851819075
587	3.3	-9.74166702	-10.592725775	-0.700191675	0.193723705
588	3.29	-9.762595377499999	-10.615396275	-0.705343575	0.19907215499999997
589	3.2800000000000002	-9.780422484999999	-10.6391798275	-0.7088751575000001	0.20095860999999998
590	3.2699999999999996	-9.79796099	-10.6651128475	-0.7101377975000001	0.19977021499999997
591	3.26	-9.817210447499999	-10.69435663	-0.708758635	0.1963874725
592	3.25	-9.83871141	-10.7273544525	-0.7046730875	0.19194490250000001
593	3.24	-9.86189802	-10.76322188	-0.6980727225	0.1876311925
594	3.2299999999999995	-9.886090392500002	-10.80000557	-0.68930847	0.184561955
595	3.2199999999999998	-9.911469765	-10.8358402575	-0.6787485475	0.18368430000000002
596	3.21	-9.9394022	-10.87029882	-0.66663036	0.18567702999999997
597	3.2	-9.9719115525	-10.9049462225	-0.6530283325	0.19083860000000002
598	3.1899999999999995	-10.010832475	-10.9425613225	-0.6380315125	0.19897353250000005
599	3.1799999999999997	-10.05712671	-10.985452850000001	-0.6220473974999999	0.2093278575
600	3.17	-10.1102006925	-11.03402045	-0.6059907550000001	0.22064778749999997
601	3.16	-10.1673068375	-11.0864909125	-0.5911564574999999	0.23138976249999998
602	3.1499999999999995	-10.223939265	-11.139840482499999	-0.5787936825000001	0.24003943249999998
603	3.1399999999999997	-10.275572655	-11.1910871525	-0.5696183350000001	0.24546475750000002
604	3.13	-10.3194944975	-11.2380174325	-0.5635561250000001	0.24721655
605	3.12	-10.3553320575	-11.2791597175	-0.559847465	0.245673015
606	3.1099999999999994	-10.384269735	-11.3136395925	-0.557400935	0.24194477999999997
607	3.0999999999999996	-10.40795302	-11.3414252725	-0.555170395	0.237545045
608	3.09	-10.427870047499999	-11.363653747499999	-0.55239913	0.2339233725
609	3.08	-10.445240455	-11.382447370000001	-0.54871464	0.232015855
610	3.0699999999999994	-10.461130875	-11.400097705	-0.544144135	0.231974185
611	3.0599999999999996	-10.476555095	-11.4180828775	-0.5390832725	0.2331810325
612	3.05	-10.492276242500001	-11.43663363	-0.5341660675	0.23454500499999997
613	3.04	-10.508393954999999	-11.4551378675	-0.5300076525	0.23493914500000002
614	3.0299999999999994	-10.5242510325	-11.47288041	-0.52692063	0.23357664
615	3.0199999999999996	-10.538930455	-11.4894571575	-0.5247721825	0.23017673000000002
616	3.01	-10.5519900825	-11.5047717325	-0.523066425	0.22492408249999998
617	3.0	-10.563838045	-11.518891335	-0.5211918725	0.2183319925
618	2.99	-10.57546372	-11.53198506	-0.51869225	0.2111072
619	2.9799999999999995	-10.5876640425	-11.544324215	-0.5154302500000001	0.204042355
620	2.9699999999999998	-10.60027249	-11.556111532500001	-0.5115937650000001	0.19792317250000002
621	2.96	-10.612079439999999	-11.56711004	-0.5075847824999999	0.19344928749999998
622	2.95	-10.621540135	-11.57649058	-0.50386273	0.19117693249999998
623	2.9399999999999995	-10.627606645	-11.5832615125	-0.500798895	0.19147175
624	2.9299999999999997	-10.63011431	-11.5869992025	-0.4985717125	0.19445421500000004
625	2.92	-10.62968789	-11.588206342500001	-0.4971131775	0.19993654250000004
626	2.91	-10.6274295925	-11.58806173	-0.49612635250000003	0.20736963999999997
627	2.8999999999999995	-10.624593455	-11.587859994999999	-0.4951935525000001	0.2158489575
628	2.8899999999999997	-10.622235977499999	-11.5884383	-0.49394156499999997	0.22422600249999997
629	2.88	-10.620806707500002	-11.58983725	-0.49217700250000007	0.23130555249999998
630	2.87	-10.6199777825	-11.59141368	-0.4899282850000001	0.23605000999999998
631	2.8599999999999994	-10.61902335	-11.592335062499998	-0.48740583000000004	0.23772563500000002
632	2.8499999999999996	-10.617459965	-11.5920317525	-0.484937415	0.2359775825
633	2.84	-10.615493985	-11.59034947	-0.48292264	0.23086453499999998
634	2.83	-10.614111525	-11.5876166425	-0.48179258	0.22290123249999996
635	2.8199999999999994	-10.61468696	-11.584754960000001	-0.48192392999999994	0.213125305
636	2.8099999999999996	-10.61823212	-11.583353705	-0.4834970075	0.203138985
637	2.8	-10.624943195	-11.5856952975	-0.48636401500000004	0.19505424
638	2.79	-10.63445316	-11.594760457500001	-0.4900275775	0.191319825
639	2.7799999999999994	-10.6464187175	-11.6141509425	-0.4937746050000001	0.19449430499999998
640	2.7699999999999996	-7.4331261875	-8.06941671	-0.3197459675	0.34741172
641	2.76	-7.4349274649999995	-8.0713835775	-0.3254024275	0.34563697
642	2.75	-7.434700230000001	-8.0726975	-0.3295085375	0.34423893250000004
643	2.74	-7.432871475	-8.0733144075	-0.33234241	0.3430533875
644	2.7299999999999995	-7.4298609025	-8.0729880575	-0.33450001999999995	0.3419737575
645	2.7199999999999998	-7.4261338724999995	-8.07134724	-0.3367046675	0.34098388999999996
646	2.71	-7.42227221	-8.06808689	-0.339597855	0.340134635
647	2.7	-7.418886432500001	-8.0631379325	-0.343587945	0.3394738125
648	2.6899999999999995	-7.4164851275	-8.056833152500001	-0.3488029225	0.338957245
649	2.6799999999999997	-7.4154791125	-8.04996255	-0.35514186750000004	0.33839341749999996
650	2.67	-7.41625315	-8.0435668475	-0.36238438	0.33745844999999997
651	2.66	-7.4190482125	-8.03859532	-0.37032067	0.3357698225
652	2.6499999999999995	-7.423721544999999	-8.0356809225	-0.37888578	0.332988245
653	2.6399999999999997	-7.429754415	-8.035089232499999	-0.388268	0.3289248
654	2.63	-7.43647872	-8.036696695	-0.39891846750000004	0.323628095
655	2.62	-7.4432290575	-8.039907125	-0.411408225	0.31741714249999997
656	2.6099999999999994	-7.449447965	-8.04365919	-0.4261795	0.3108294525
657	2.5999999999999996	-7.454756865	-8.04669896	-0.4432937075	0.3044799525
658	2.59	-7.458841275	-8.048003075	-0.46226353	0.2988724575
659	2.58	-7.461237935	-8.047039462499999	-0.48202831	0.2942412525
660	2.5699999999999994	-7.46143691	-8.0436971925	-0.5010962275	0.29049550749999997
661	2.5599999999999996	-7.45932158	-8.038075465	-0.517807675	0.2872899225
662	2.55	-7.45534718	-8.0304668025	-0.530629665	0.28418093
663	2.54	-7.4502496975	-8.0215351975	-0.5384461125	0.28079189
664	2.5299999999999994	-7.4445623874999995	-8.01226803	-0.5408456425	0.27691856000000004
665	2.5199999999999996	-7.43825337	-8.003501660000001	-0.5383439375	0.27255249
666	2.51	-7.4308593425	-7.9955127575	-0.5324135975	0.26784707
667	2.5	-7.422112354999999	-7.98810774	-0.5252109325000001	0.26306002
668	2.49	-7.41232104	-7.980991535	-0.5190054725	0.25849135749999996
669	2.4799999999999995	-7.4020720175	-7.974077415	-0.51551575	0.254424035
670	2.4699999999999998	-7.3918860525	-7.9676048375	-0.5154557550000001	0.251073035
671	2.46	-7.3822899725	-7.96201617	-0.518463475	0.2485552175
672	2.45	-7.373982925	-7.95769351	-0.52338486	0.246892135
673	2.4399999999999995	-7.367842625	-7.954813182500001	-0.5287634675	0.24604301750000002
674	2.4299999999999997	-7.364783837499999	-7.953412377499999	-0.5333230275	0.2459457825
675	2.42	-7.36548071	-7.953472769999999	-0.5362762125	0.24654060500000002
676	2.41	-7.3700246400000005	-7.954829825	-0.5374251075	0.2477693975
677	2.3999999999999995	-7.3777180875	-7.9570246575	-0.5370926825	0.2495626125
678	2.3899999999999997	-7.387177565	-7.9593526425	-0.53593408	0.25182903749999996
679	2.38	-7.3967710675	-7.9611332500000005	-0.5346922375	0.2544616125
680	2.37	-7.4052026600000005	-7.9620287925	-0.5339714025	0.257359345
681	2.3599999999999994	-7.41188866	-7.962247585	-0.5340926025	0.2604527125
682	2.3499999999999996	-7.4169276475	-7.962513905	-0.5350685900000001	0.26372198
683	2.34	-7.42081826	-7.963782565	-0.536684435	0.26719744749999996
684	2.33	-7.424181277500001	-7.9668602449999995	-0.538620795	0.270928115
685	2.3199999999999994	-7.427588764999999	-7.9721313899999995	-0.540551905	0.2749334625
686	2.3099999999999996	-7.4314804025	-7.979467292500001	-0.54218996	0.2791793775
687	2.3	-7.4361254275	-7.9883178925	-0.5432898825	0.2835934425
688	2.29	-7.4416008399999996	-7.9978716925	-0.5436421475	0.28809456
689	2.2799999999999994	-7.4477548774999995	-8.007141835	-0.5430750125	0.29259379249999995
690	2.2699999999999996	-7.4541601825	-8.015067445	-0.5414784375	0.296943835
691	2.26	-7.46010377	-8.02075137	-0.5388489325	0.30087136000000003
692	2.25	-7.464714947499999	-8.02367546	-0.5353362175	0.30395607999999996
693	2.24	-7.46727924	-8.0237393825	-0.5312627125	0.305686615
694	2.2299999999999995	-7.467558329999999	-8.0212056425	-0.5271016825	0.3055618475
695	2.2199999999999998	-7.4659061300000005	-8.016666755	-0.52342236	0.30317556
696	2.21	-7.4631348975	-8.01102049	-0.520820705	0.298239435
697	2.2	-3.7396248425	-3.938107495	-0.16822045	0.13393653
698	2.1899999999999995	-3.7350840225	-3.9324892025	-0.1704604325	0.131160335
699	2.1799999999999997	-3.7318708425	-3.928842805	-0.17306419	0.1288435475
700	2.17	-3.730103875	-3.9271995125	-0.1759149875	0.127075815
701	2.16	-3.7294015325	-3.927032395	-0.178885955	0.125804315
702	2.1499999999999995	-3.72903128	-3.9275179525	-0.181820275	0.124866405
703	2.1399999999999997	-3.7282141925	-3.9278472525	-0.184523875	0.1240529675
704	2.13	-3.726426575	-3.92746059	-0.1867909675	0.1231740525
705	2.12	-3.7235500125	-3.9261111525	-0.188461615	0.12209996
706	2.1099999999999994	-3.719827225	-3.9237755325	-0.1894889	0.12076835
707	2.0999999999999996	-3.7156845125	-3.920574915	-0.1899785625	0.1191695575
708	2.09	-3.71155499	-3.9167678575	-0.1901698175	0.1173324975
709	2.08	-3.7077800625	-3.9127173175	-0.1903590925	0.1153258925
710	2.0699999999999994	-3.7045733	-3.908812585	-0.1908028975	0.1132668825
711	2.0599999999999996	-3.70202754	-3.905405405	-0.1916415775	0.1113117425
712	2.05	-3.70015351	-3.9027851225	-0.1928693925	0.1096145125
713	2.04	-3.698946615	-3.9011654675	-0.19435536	0.1082702025
714	2.0299999999999994	-3.6984231725	-3.900627635	-0.19590155	0.107273075
715	2.0199999999999996	-3.6985663225	-3.9010521275	-0.19731386	0.1065049675
716	2.01	-3.699259735	-3.902130995	-0.19845821	0.10575222
717	2.0	-3.7002712	-3.9034631575	-0.1992854475	0.10474688
718	1.9900000000000002	-3.7012957125	-3.90465593	-0.1998213	0.1032243975
719	1.9799999999999995	-3.7020674475	-3.905369705	-0.2001281525	0.10099137
720	1.9699999999999998	-3.7024609375	-3.9053589275	-0.200257915	0.097997155
721	1.96	-3.70250721	-3.90454445	-0.2002231	0.094389755
722	1.9500000000000002	-3.70232608	-3.90304824	-0.2000023825	0.0905262375
723	1.9399999999999995	-3.7020127975	-3.90116138	-0.19957196	0.0869136175
724	1.9299999999999997	-3.701558735	-3.899228885	-0.1989404175	0.0840824125
725	1.92	-3.7008696675	-3.8974864375	-0.1981694425	0.0824327275
726	1.9100000000000001	-3.6998704225	-3.89597756	-0.1973725675	0.0821150875
727	1.8999999999999995	-3.69860102	-3.89464717	-0.1966946375	0.08299596
728	1.8899999999999997	-3.6972342525	-3.8935263875	-0.1962838325	0.084717035
729	1.88	-3.69603238	-3.8927848875	-0.19626743	0.0868172825
730	1.87	-3.69525812	-3.892585205	-0.1967320425	0.088864625
731	1.8599999999999994	-3.695066175	-3.89293688	-0.197706165	0.0905470675
732	1.8499999999999996	-3.6954502675	-3.8937101575	-0.199153975	0.0917031125
733	1.8399999999999999	-3.696292965	-3.89472229	-0.20098913	0.0923017
734	1.83	-3.6974455	-3.8957888725	-0.20310015	0.0923941825
735	1.8199999999999994	-3.698749945	-3.8967563775	-0.205373015	0.0920662175
736	1.8099999999999996	-3.7000352425	-3.89751894	-0.20770199	0.091414225
737	1.7999999999999998	-3.7011337275	-3.8980105725	-0.2099875425	0.09054982
738	1.79	-3.7019161025	-3.8982015075	-0.21213085	0.0896112025
739	1.7799999999999994	-3.7023301725	-3.8981015625	-0.2140367675	0.0887583375
740	1.7699999999999996	-3.7024132925	-3.89775811	-0.215626315	0.08814651
741	1.7599999999999998	-3.702254715	-3.8972462975	-0.216846725	0.0878897475
742	1.75	-3.7019362875	-3.89665212	-0.21766868	0.08803165
743	1.7400000000000002	-3.70148494	-3.896050565	-0.2180740125	0.088537355
744	1.7299999999999995	-3.7008405775	-3.8954701475	-0.21804348	0.0893131725
745	1.7199999999999998	-3.69988563	-3.89486372	-0.21755299	0.0902444975
746	1.71	-3.698544425	-3.8941454575	-0.21658692	0.0912284775
747	1.7000000000000002	-3.69686114	-3.893261375	-0.2151730475	0.092188325
748	1.6899999999999995	-3.69498855	-3.892203755	-0.2134238975	0.093076295
749	1.6799999999999997	-3.693101525	-3.89098682	-0.2115533125	0.0938736875
750	1.67	-3.6912955175	-3.8896223175	-0.2098458825	0.0945852275
751	1.6600000000000001	-3.6895376375	-3.8881011575	-0.2085845625	0.095225345
752	1.6499999999999995	-3.687725845	-3.8864241475	-0.20796708	0.0958046475
753	1.6399999999999997	-3.6858142875	-3.8846567075	-0.2080451875	0.09633084
754	1.63	-3.6838687125	-3.88292778	-0.2087088575	0.09682198
755	1.62	-3.68200714	-3.8813745625	-0.2097251275	0.097307335
756	1.6099999999999994	-3.68032809	-3.880066855	-0.2108237775	0.0978039975
757	1.5999999999999996	-3.678879525	-3.8789582025	-0.211792785	0.09828744
758	1.5899999999999999	-3.6776207025	-3.8779179575	-0.2125313675	0.0986803025
759	1.58	-3.6764204	-3.876822625	-0.21303642	0.0988687725
760	1.5699999999999994	-3.67514311	-3.8756280775	-0.2133436275	0.098742105
761	1.5599999999999996	-3.6737635325	-3.874388665	-0.213467265	0.0982421425
762	1.5499999999999998	-3.6724262025	-3.8732623525	-0.213375355	0.097398485
763	1.54	-3.6713862025	-3.8725087675	-0.21300976	0.09632872
764	1.5299999999999994	-3.6708807275	-3.872404805	-0.2123325675	0.09520469
765	1.5199999999999996	-3.6710533275	-3.873098545	-0.211368365	0.09420161
766	1.5099999999999998	-3.67192864	-3.87453717	-0.210215625	0.093448405
767	1.5	-3.673393895	-3.8765120225	-0.209015995	0.0929964775
768	1.4900000000000002	-3.6752256525	-3.87875936	-0.207892605	0.09282078
769	1.4799999999999995	-3.67715839	-3.88102973	-0.206885845	0.092853785
770	1.4699999999999998	-3.67897523	-3.883114155	-0.205919425	0.09303137
771	1.46	-3.68059192	-3.884899815	-0.20481732	0.09332214
772	1.4500000000000002	-3.6820419825	-3.886434825	-0.203369925	0.09372861
773	1.4399999999999995	-3.6834086875	-3.88790298	-0.2014301425	0.094267575
774	1.4299999999999997	-3.6848225775	-3.889505845	-0.19900173	0.0949442325
775	1.42	-3.6864611025	-3.8913493375	-0.19626805	0.0957326925
776	1.4100000000000001	-3.6884348925	-3.893418465	-0.193532795	0.096568925
777	1.3999999999999995	-3.69064686	-3.8956337075	-0.1911013975	0.0973592725
778	1.3899999999999997	-3.692831805	-3.897910005	-0.189173045	0.0980054225
779	1.38	-3.6947403025	-3.90015244	-0.18779736	0.0984381725
780	1.37	-3.6962310675	-3.9022030775	-0.1868993525	0.0986464275
781	1.3599999999999994	-3.6972455525	-3.90383567	-0.1863426675	0.0986896125
782	1.3499999999999996	-3.6977590925	-3.904851605	-0.185991335	0.09868761
783	1.3399999999999999	-3.6977228625	-3.9051946525	-0.1857394275	0.09879144
784	1.33	-3.6970685425	-3.9049550125	-0.185507355	0.0991451675
785	1.3199999999999994	-3.69581491	-3.9042614575	-0.1852249775	0.099848365
786	1.3099999999999996	-3.6941403	-3.90320385	-0.184821955	0.1009259775
787	1.2999999999999998	-3.6923186025	-3.9018504225	-0.1842359275	0.102316535
788	1.29	-3.6905776025	-3.9002812525	-0.1834328175	0.1038862625
789	1.2799999999999994	-3.68899018	-3.8985744225	-0.182423175	0.10546154
790	1.2699999999999996	-3.68749417	-3.89677103	-0.18126294	0.106865985
791	1.2599999999999998	-3.68601329	-3.8948883725	-0.1800386025	0.107952825
792	1.25	-3.68454465	-3.89298782	-0.1788449725	0.1086284225
793	1.2399999999999993	-3.6831684525	-3.8912302275	-0.1777635375	0.1088671975
794	1.2299999999999995	-3.6820096875	-3.889855335	-0.17684556	0.10871891
795	1.2199999999999998	-3.6811819825	-3.88907469	-0.1761028875	0.1083065675
796	1.21	-3.680733395	-3.88897345	-0.1755094775	0.10781156
797	1.2000000000000002	-3.680620575	-3.8895056375	-0.1750150875	0.1074415275
798	1.1899999999999995	-3.68074476	-3.8905103675	-0.17456721	0.1073810875
799	1.1799999999999997	-3.68099543	-3.891684595	-0.1741297975	0.10774079
800	1.17	-3.6812400075	-3.892590115	-0.1736892525	0.1085278225
801	1.1600000000000001	-3.68131192	-3.8927512725	-0.17324875	0.1096526525
802	1.1500000000000004	-3.681041455	-3.89179475	-0.1728160225	0.110969675
803	1.1400000000000006	-3.6803164375	-3.8895800875	-0.17238995	0.1123362225
804	1.129999999999999	-3.6791625725	-3.8862918625	-0.1719524275	0.11366297
805	1.1199999999999992	-3.6777967325	-3.882442675	-0.1714724	0.1149283475
806	1.1099999999999994	-3.6765744325	-3.8787187625	-0.1709246525	0.1161516275
807	1.0999999999999996	-3.675814745	-3.875701265	-0.1703103475	0.1173466975
808	1.0899999999999999	-3.675595865	-3.87362684	-0.169663605	0.118487555
809	1.08	-3.675676935	-3.872294125	-0.1690440525	0.1195073975
810	1.0700000000000003	-3.6756357125	-3.8711736375	-0.1685188275	0.120329985
811	1.0600000000000005	-3.6751313375	-3.8697420675	-0.168135745	0.1209085475
812	1.049999999999999	-3.67409823	-3.867808105	-0.16789924	0.121248165
813	1.0399999999999991	-3.672758305	-3.865544235	-0.167768245	0.1214035625
814	1.0299999999999994	-3.6714796775	-3.8632838825	-0.167684905	0.12145568
815	1.0199999999999996	-3.67059163	-3.8613300925	-0.1676171525	0.121479415
816	1.0099999999999998	-3.67027089	-3.85989497	-0.1675826025	0.1215207425
817	1.0	-3.6705415775	-3.8591052225	-0.16763541	0.121596655
818	0.9900000000000002	-3.6713275625	-3.859015775	-0.1678264375	0.121715085
819	0.9800000000000004	-3.67251146	-3.8596653825	-0.1681671225	0.1218985
820	0.9700000000000006	-3.674015735	-3.8610919175	-0.16862127	0.1221972575
821	0.9599999999999991	-3.67582605	-3.8632530625	-0.1691211925	0.12268233
822	0.9499999999999993	-3.67791344	-3.8659995975	-0.1695928175	0.1234154
823	0.9399999999999995	-3.680191765	-3.8691503975	-0.169982335	0.1244120175
824	0.9299999999999997	-3.6825440975	-3.8725413925	-0.1702721225	0.1256194425
825	0.9199999999999999	-3.68481838	-3.87597764	-0.1704742725	0.1269174575
826	0.9100000000000001	-3.686785705	-3.879141335	-0.17060591	0.128133085
827	0.9000000000000004	-3.6881497875	-3.8815555625	-0.1706627625	0.12905577
828	0.8900000000000006	-3.6886203025	-3.882675985	-0.17061029	0.1294495825
829	0.879999999999999	-3.687971245	-3.8820872925	-0.1703957725	0.1290717325
830	0.8699999999999992	-3.6860771275	-3.8796691725	-0.1699704325	0.1277094525
831	0.8599999999999994	-3.682947875	-3.87562773	-0.1693052975	0.1252345875
832	0.8499999999999996	-3.678761445	-3.870423155	-0.16838708	0.1216594175
833	0.8399999999999999	-3.673880925	-3.864633455	-0.1672034325	0.1171656675
834	0.8300000000000001	-3.66878652	-3.8587786875	-0.1657421225	0.112081475
835	0.8200000000000003	-3.6639244425	-3.853210765	-0.164022835	0.106801115
836	0.8100000000000005	-3.659580645	-3.848141765	-0.1621586075	0.1016680775
837	0.7999999999999989	-3.655868265	-3.843737495	-0.1604138525	0.0968679825
838	0.7899999999999991	-3.6528024675	-3.84018246	-0.159211125	0.0923809525
839	0.7799999999999994	-3.6503494025	-3.8376967725	-0.1590493675	0.088014385
840	0.7699999999999996	-3.6484371425	-3.8365057075	-0.16034649	0.0835039725
841	0.7599999999999998	-3.6469889825	-3.836750885	-0.1632739275	0.0786474775
842	0.75	-3.6459804325	-3.8383621	-0.1676527	0.0734239675
843	0.7400000000000002	-3.645480805	-3.8409700425	-0.1729489175	0.06805737
844	0.7300000000000004	-3.6456477025	-3.8439352875	-0.178377055	0.0630089725
845	0.7200000000000006	-3.6466000275	-3.846529535	-0.183092015	0.058909915
846	0.7099999999999991	-3.6481560325	-3.8482256175	-0.1864154125	0.056454235
847	0.6999999999999993	-3.64973315	-3.8489126425	-0.1880126825	0.056267145
848	0.6899999999999995	-3.65064597	-3.8488273175	-0.1879437	0.058757735
849	0.6799999999999997	-3.65052059	-3.8482598375	-0.1865604625	0.0639724575
850	0.6699999999999999	-3.649411025	-3.84735057	-0.1843014775	0.0714857775
851	0.6600000000000001	-3.6476032175	-3.8461070375	-0.1814855325	0.080384145
852	0.6500000000000004	-3.64537278	-3.8445207975	-0.178204095	0.08938933
853	0.6400000000000006	-3.64286862	-3.8426836125	-0.17435798	0.097116745
854	0.629999999999999	-3.64012554	-3.84085626	-0.1698031275	0.10239763
855	0.6199999999999992	-3.6371390875	-3.8394585275	-0.1645173075	0.1045522675
856	0.6099999999999994	-3.6339624525	-3.8389723525	-0.158710425	0.10351835
857	0.5999999999999996	-3.6308412025	-3.8397824675	-0.152834365	0.0997992075
858	0.5899999999999999	-3.62827074	-3.8419955025	-0.1474739625	0.0942695675
859	0.5800000000000001	-3.626771135	-3.845344795	-0.1431390975	0.087931545
860	0.5700000000000003	-3.6264756725	-3.8493289575	-0.1400334275	0.08171123
861	0.5600000000000005	-3.62690395	-3.8535027875	-0.1379103225	0.076352615
862	0.5499999999999989	-3.627121945	-3.8576061925	-0.1361148375	0.0724313275
863	0.5399999999999991	-3.6261420525	-3.8613726525	-0.1338178375	0.070441965
864	0.5299999999999994	-3.623284115	-3.8642526675	-0.130313325	0.0708473275
865	0.5199999999999996	-3.6183255675	-3.8654681775	-0.1252268175	0.07399008
866	0.5099999999999998	-3.6114536075	-3.8645012825	-0.1185764325	0.0798564175
867	0.5	-3.6031606325	-3.8616334	-0.11071462	0.0878029075
868	0.4900000000000002	-3.5942653575	-3.858045415	-0.10220938	0.0964450725
869	0.4800000000000004	-3.586022035	-3.8553423175	-0.093717715	0.10387765
870	0.46999999999999886	-3.57995228	-3.8548691575	-0.085880455	0.1082144925
871	0.4599999999999991	-3.5772808125	-3.857311625	-0.079242045	0.10822055
872	0.4499999999999993	-3.5783489375	-3.8626849175	-0.074188875	0.1037467325
873	0.4399999999999995	-3.582452145	-3.87043013	-0.070915075	0.0957839125
874	0.4299999999999997	-3.588251955	-3.879443885	-0.0694302775	0.086130535
875	0.41999999999999993	-3.5944162	-3.888235375	-0.0695847175	0.076841485
876	0.41000000000000014	-3.5999732675	-3.89532197	-0.0710661775	0.0697008475
877	0.40000000000000036	-3.6042703225	-3.8996871125	-0.0733632725	0.0658887025
878	0.39000000000000057	-3.6068607125	-3.9011450925	-0.0757446025	0.065859065
879	0.379999999999999	-3.607641755	-3.9004697625	-0.07731809	0.06935057
880	0.3699999999999992	-3.607134	-3.899057115	-0.0771923625	0.0754733525
881	0.35999999999999943	-3.60646429	-3.8982542125	-0.0747015925	0.0828683275
882	0.34999999999999964	-3.606879575	-3.8989154025	-0.0696210275	0.089946155
883	0.33999999999999986	-3.6091018725	-3.901378905	-0.062302835	0.095187815
884	0.33000000000000007	-3.61302702	-3.905588505	-0.05368103	0.0974435325
885	0.3200000000000003	-3.618037495	-3.9112223475	-0.0451190975	0.0961499775
886	0.3100000000000005	-3.6236693475	-3.9178623625	-0.0381165525	0.0914263975
887	0.29999999999999893	-3.630034765	-3.9251254025	-0.03395087	0.084065395
888	0.28999999999999915	-3.637573225	-3.9327216	-0.03336261	0.075444585
889	0.27999999999999936	-3.6463462825	-3.940506895	-0.0363670125	0.06735042
890	0.2699999999999996	-3.6556018675	-3.94840847	-0.0422403625	0.0616839225
891	0.2599999999999998	-3.66408772	-3.9561235475	-0.0497020725	0.060046185
892	0.25	-3.67087267	-3.96294946	-0.057264535	0.0632756075
893	0.2400000000000002	-3.6759571875	-3.9681494625	-0.0636431925	0.07111037
894	0.23000000000000043	-3.680057445	-3.9714957225	-0.068059205	0.0821817775
895	0.21999999999999886	-3.683839045	-3.973429395	-0.0703425	0.0943862475
896	0.20999999999999908	-3.68756722	-3.97482324	-0.070888915	0.1054697775
897	0.1999999999999993	-3.6913845525	-3.976430975	-0.0705350425	0.11361315
898	0.1899999999999995	-3.6956093225	-3.978388475	-0.070349925	0.1178514275
899	0.17999999999999972	-3.7006970625	-3.9803518575	-0.0713523025	0.118223275
900	0.16999999999999993	-3.706953525	-3.9821235775	-0.0742145425	0.115656155
901	0.16000000000000014	-3.7142452025	-3.98403042	-0.0790479925	0.11166686
902	0.15000000000000036	-3.722025945	-3.98668309	-0.085354745	0.1079569975
903	0.14000000000000057	-3.729774315	-3.9904622275	-0.0921642725	0.10598321
904	0.129999999999999	-3.73739811	-3.9952889275	-0.0983001125	0.1066114625
905	0.11999999999999922	-3.7450444525	-4.0008004775	-0.1026907	0.10997103
906	0.10999999999999943	-3.75245379	-4.0065738375	-0.10462766	0.1155587425
907	0.09999999999999964	-3.7587260675	-4.0121239225	-0.10389419	0.122527955
908	0.08999999999999986	-3.76292748	-4.01680285	-0.1007499675	0.1300051625
909	0.08000000000000007	-3.7648837425	-4.0198163275	-0.0958277	0.13728906
910	0.07000000000000028	-3.7652817775	-4.0204340775	-0.09002133	0.1439000225
911	0.0600000000000005	-3.7649862425	-4.018280415	-0.08440402	0.149552145
912	0.049999999999998934	-3.7643255	-4.013503325	-0.08015504	0.1541185
913	0.03999999999999915	-3.7630360625	-4.00679454	-0.0784720275	0.1575938275
914	0.02999999999999936	-3.7606624275	-3.999290165	-0.0804795875	0.160030155
915	0.019999999999999574	-3.756899865	-3.9924217225	-0.0871791075	0.161452245
916	0.009999999999999787	-3.751877135	-3.98787385	-0.0994798575	0.1618003525
917	0.0	-3.746258135	-3.9875590275	-0.11826482	0.160938795
